[[-2.53337945e+00, -4.98469078e-02,  2.59438532e-01, -8.51317025e-01,
   7.79683553e-01,  8.20607751e-01,  2.21538754e-01,  1.02050910e+00,
   1.02786467e+00,  9.35371864e-02, -1.56789295e-01,  1.22589429e-02,
   7.35115564e-02,  1.16518133e+00,  2.06347736e-01],
 [-3.70764798e+00,  1.16403418e-03,  3.72912815e-02, -8.08686633e-01,
  -6.62031999e-01,  9.02761091e-01, -1.62020051e+00, -3.09336352e-01,
  -6.99503137e-01, -2.57886941e-01,  8.87728846e-01,  6.31997399e-01,
  -1.40104871e-01, -8.20373805e-01, -5.32061673e-01],
 [-3.31292417e+00, -7.93698801e-01, -8.53228751e-01,  1.68876287e-01,
  -1.75013989e+00, -1.21409300e-01,  1.37052275e+00, -1.77299367e-01,
   1.21385606e+00, -3.75088972e-01, -7.90661430e-01, -4.68284418e-01,
   1.04492802e-01, -2.94167166e-01,  8.71156156e-01],
 [-2.16545371e+00, -3.22928498e-01,  2.85562488e-01,  1.30848014e+00,
   1.64694316e+00, -1.47851037e+00,  4.94603870e-01, -1.05217188e+00,
  -1.49587057e+00,  8.08828406e-01,  4.52385989e-01, -2.24408270e-01,
  -2.89609622e-02, -2.96738252e-02, -5.04109655e-01]]